1387
simuID    0          0.000          0.000                4334
simuID    0          0.000          5.000                9999
simuID    0          0.000         10.000                9999
simuID    0          0.000         15.000                9999
simuID    0          0.000         20.000                9999
simuID    0          0.000         25.000                9999
simuID    0          0.000         30.000                9999
simuID    0          0.000         35.000                9999
simuID    0          0.000         40.000                9999
simuID    0          0.000         45.000                9999
simuID    0          0.000         50.000                9999
simuID    0          0.000         55.000                9999
simuID    0          0.000         60.000                9999
simuID    0          0.000         65.000                9999
simuID    0          0.000         70.000                9999
simuID    0          0.000         75.000                9999
simuID    0          0.000         80.000                9999
simuID    0          0.000         85.000                9999
simuID    0          0.000         90.000                9999
simuID    0          5.000          0.000                9999
simuID    0          5.000          5.000                9999
simuID    0          5.000         10.000                9999
simuID    0          5.000         15.000                9999
simuID    0          5.000         20.000                9999
simuID    0          5.000         25.000                9999
simuID    0          5.000         30.000                9999
simuID    0          5.000         35.000                9999
simuID    0          5.000         40.000                9999
simuID    0          5.000         45.000                9999
simuID    0          5.000         50.000                9999
simuID    0          5.000         55.000                9999
simuID    0          5.000         60.000                9999
simuID    0          5.000         65.000                9999
simuID    0          5.000         70.000                9999
simuID    0          5.000         75.000                9999
simuID    0          5.000         80.000                9999
simuID    0          5.000         85.000                9999
simuID    0          5.000         90.000                9999
simuID    0         10.000          0.000                9999
simuID    0         10.000          5.000                9999
simuID    0         10.000         10.000                9999
simuID    0         10.000         15.000                9999
simuID    0         10.000         20.000                9999
simuID    0         10.000         25.000                9999
simuID    0         10.000         30.000                9999
simuID    0         10.000         35.000                9999
simuID    0         10.000         40.000                9999
simuID    0         10.000         45.000                9999
simuID    0         10.000         50.000                9999
simuID    0         10.000         55.000                9999
simuID    0         10.000         60.000                9999
simuID    0         10.000         65.000                9999
simuID    0         10.000         70.000                9999
simuID    0         10.000         75.000                9999
simuID    0         10.000         80.000                9999
simuID    0         10.000         85.000                9999
simuID    0         10.000         90.000                9999
simuID    0         15.000          0.000                9999
simuID    0         15.000          5.000                9999
simuID    0         15.000         10.000                9999
simuID    0         15.000         15.000                9999
simuID    0         15.000         20.000                9999
simuID    0         15.000         25.000                9999
simuID    0         15.000         30.000                9999
simuID    0         15.000         35.000                9999
simuID    0         15.000         40.000                9999
simuID    0         15.000         45.000                9999
simuID    0         15.000         50.000                9999
simuID    0         15.000         55.000                9999
simuID    0         15.000         60.000                9999
simuID    0         15.000         65.000                9999
simuID    0         15.000         70.000                9999
simuID    0         15.000         75.000                9999
simuID    0         15.000         80.000                9999
simuID    0         15.000         85.000                9999
simuID    0         15.000         90.000                9999
simuID    0         20.000          0.000                9999
simuID    0         20.000          5.000                9999
simuID    0         20.000         10.000                9999
simuID    0         20.000         15.000                9999
simuID    0         20.000         20.000                9999
simuID    0         20.000         25.000                9999
simuID    0         20.000         30.000                9999
simuID    0         20.000         35.000                9999
simuID    0         20.000         40.000                9999
simuID    0         20.000         45.000                9999
simuID    0         20.000         50.000                9999
simuID    0         20.000         55.000                9999
simuID    0         20.000         60.000                9999
simuID    0         20.000         65.000                9999
simuID    0         20.000         70.000                9999
simuID    0         20.000         75.000                9999
simuID    0         20.000         80.000                9999
simuID    0         20.000         85.000                9999
simuID    0         20.000         90.000                9999
simuID    0         25.000          0.000                9999
simuID    0         25.000          5.000                9999
simuID    0         25.000         10.000                9999
simuID    0         25.000         15.000                9999
simuID    0         25.000         20.000                9999
simuID    0         25.000         25.000                9999
simuID    0         25.000         30.000                9999
simuID    0         25.000         35.000                9999
simuID    0         25.000         40.000                9999
simuID    0         25.000         45.000                9999
simuID    0         25.000         50.000                9999
simuID    0         25.000         55.000                9999
simuID    0         25.000         60.000                9999
simuID    0         25.000         65.000                9999
simuID    0         25.000         70.000                9999
simuID    0         25.000         75.000                9999
simuID    0         25.000         80.000                9999
simuID    0         25.000         85.000                9999
simuID    0         25.000         90.000                9999
simuID    0         30.000          0.000                9999
simuID    0         30.000          5.000                9999
simuID    0         30.000         10.000                9999
simuID    0         30.000         15.000                9999
simuID    0         30.000         20.000                9999
simuID    0         30.000         25.000                9999
simuID    0         30.000         30.000                9999
simuID    0         30.000         35.000                9999
simuID    0         30.000         40.000                9999
simuID    0         30.000         45.000                9999
simuID    0         30.000         50.000                9999
simuID    0         30.000         55.000                9999
simuID    0         30.000         60.000                9999
simuID    0         30.000         65.000                9999
simuID    0         30.000         70.000                9999
simuID    0         30.000         75.000                9999
simuID    0         30.000         80.000                9999
simuID    0         30.000         85.000                9999
simuID    0         30.000         90.000                9999
simuID    0         35.000          0.000                9999
simuID    0         35.000          5.000                9999
simuID    0         35.000         10.000                9999
simuID    0         35.000         15.000                9999
simuID    0         35.000         20.000                9999
simuID    0         35.000         25.000                9999
simuID    0         35.000         30.000                9999
simuID    0         35.000         35.000                9999
simuID    0         35.000         40.000                9999
simuID    0         35.000         45.000                9999
simuID    0         35.000         50.000                9999
simuID    0         35.000         55.000                9999
simuID    0         35.000         60.000                9999
simuID    0         35.000         65.000                9999
simuID    0         35.000         70.000                9999
simuID    0         35.000         75.000                9999
simuID    0         35.000         80.000                9999
simuID    0         35.000         85.000                9999
simuID    0         35.000         90.000                9999
simuID    0         40.000          0.000                9999
simuID    0         40.000          5.000                9999
simuID    0         40.000         10.000                9999
simuID    0         40.000         15.000                9999
simuID    0         40.000         20.000                9999
simuID    0         40.000         25.000                9999
simuID    0         40.000         30.000                9999
simuID    0         40.000         35.000                9999
simuID    0         40.000         40.000                9999
simuID    0         40.000         45.000                9999
simuID    0         40.000         50.000                9999
simuID    0         40.000         55.000                9999
simuID    0         40.000         60.000                9999
simuID    0         40.000         65.000                9999
simuID    0         40.000         70.000                9999
simuID    0         40.000         75.000                9999
simuID    0         40.000         80.000                9999
simuID    0         40.000         85.000                9999
simuID    0         40.000         90.000                9999
simuID    0         45.000          0.000                9999
simuID    0         45.000          5.000                9999
simuID    0         45.000         10.000                9999
simuID    0         45.000         15.000                9999
simuID    0         45.000         20.000                9999
simuID    0         45.000         25.000                9999
simuID    0         45.000         30.000                9999
simuID    0         45.000         35.000                9999
simuID    0         45.000         40.000                9999
simuID    0         45.000         45.000                9999
simuID    0         45.000         50.000                9999
simuID    0         45.000         55.000                9999
simuID    0         45.000         60.000                9999
simuID    0         45.000         65.000                9999
simuID    0         45.000         70.000                9999
simuID    0         45.000         75.000                9999
simuID    0         45.000         80.000                9999
simuID    0         45.000         85.000                9999
simuID    0         45.000         90.000                9999
simuID    0         50.000          0.000                9999
simuID    0         50.000          5.000                9999
simuID    0         50.000         10.000                9999
simuID    0         50.000         15.000                9999
simuID    0         50.000         20.000                9999
simuID    0         50.000         25.000                9999
simuID    0         50.000         30.000                9999
simuID    0         50.000         35.000                9999
simuID    0         50.000         40.000                9999
simuID    0         50.000         45.000                9999
simuID    0         50.000         50.000                9999
simuID    0         50.000         55.000                9999
simuID    0         50.000         60.000                9999
simuID    0         50.000         65.000                9999
simuID    0         50.000         70.000                9999
simuID    0         50.000         75.000                9999
simuID    0         50.000         80.000                9999
simuID    0         50.000         85.000                9999
simuID    0         50.000         90.000                9999
simuID    0         55.000          0.000                9999
simuID    0         55.000          5.000                9999
simuID    0         55.000         10.000                9999
simuID    0         55.000         15.000                9999
simuID    0         55.000         20.000                9999
simuID    0         55.000         25.000                9999
simuID    0         55.000         30.000                9999
simuID    0         55.000         35.000                9999
simuID    0         55.000         40.000                9999
simuID    0         55.000         45.000                9999
simuID    0         55.000         50.000                9999
simuID    0         55.000         55.000                9999
simuID    0         55.000         60.000                9999
simuID    0         55.000         65.000                9999
simuID    0         55.000         70.000                9999
simuID    0         55.000         75.000                9999
simuID    0         55.000         80.000                9999
simuID    0         55.000         85.000                9999
simuID    0         55.000         90.000                9999
simuID    0         60.000          0.000                9999
simuID    0         60.000          5.000                9999
simuID    0         60.000         10.000                9999
simuID    0         60.000         15.000                9999
simuID    0         60.000         20.000                9999
simuID    0         60.000         25.000                9999
simuID    0         60.000         30.000                9999
simuID    0         60.000         35.000                9999
simuID    0         60.000         40.000                9999
simuID    0         60.000         45.000                9999
simuID    0         60.000         50.000                9999
simuID    0         60.000         55.000                9999
simuID    0         60.000         60.000                9999
simuID    0         60.000         65.000                9999
simuID    0         60.000         70.000                9999
simuID    0         60.000         75.000                9999
simuID    0         60.000         80.000                9999
simuID    0         60.000         85.000                9999
simuID    0         60.000         90.000                9999
simuID    0         65.000          0.000                9999
simuID    0         65.000          5.000                9999
simuID    0         65.000         10.000                9999
simuID    0         65.000         15.000                9999
simuID    0         65.000         20.000                9999
simuID    0         65.000         25.000                9999
simuID    0         65.000         30.000                9999
simuID    0         65.000         35.000                9999
simuID    0         65.000         40.000                9999
simuID    0         65.000         45.000                9999
simuID    0         65.000         50.000                9999
simuID    0         65.000         55.000                9999
simuID    0         65.000         60.000                9999
simuID    0         65.000         65.000                9999
simuID    0         65.000         70.000                9999
simuID    0         65.000         75.000                9999
simuID    0         65.000         80.000                9999
simuID    0         65.000         85.000                9999
simuID    0         65.000         90.000                9999
simuID    0         70.000          0.000                9999
simuID    0         70.000          5.000                9999
simuID    0         70.000         10.000                9999
simuID    0         70.000         15.000                9999
simuID    0         70.000         20.000                9999
simuID    0         70.000         25.000                9999
simuID    0         70.000         30.000                9999
simuID    0         70.000         35.000                9999
simuID    0         70.000         40.000                9999
simuID    0         70.000         45.000                9999
simuID    0         70.000         50.000                9999
simuID    0         70.000         55.000                9999
simuID    0         70.000         60.000                9999
simuID    0         70.000         65.000                9999
simuID    0         70.000         70.000                9999
simuID    0         70.000         75.000                9999
simuID    0         70.000         80.000                9999
simuID    0         70.000         85.000                9999
simuID    0         70.000         90.000                9999
simuID    0         75.000          0.000                9999
simuID    0         75.000          5.000                9999
simuID    0         75.000         10.000                9999
simuID    0         75.000         15.000                9999
simuID    0         75.000         20.000                9999
simuID    0         75.000         25.000                9999
simuID    0         75.000         30.000                9999
simuID    0         75.000         35.000                9999
simuID    0         75.000         40.000                9999
simuID    0         75.000         45.000                9999
simuID    0         75.000         50.000                9999
simuID    0         75.000         55.000                9999
simuID    0         75.000         60.000                9999
simuID    0         75.000         65.000                9999
simuID    0         75.000         70.000                9999
simuID    0         75.000         75.000                9999
simuID    0         75.000         80.000                9999
simuID    0         75.000         85.000                9999
simuID    0         75.000         90.000                9999
simuID    0         80.000          0.000                9999
simuID    0         80.000          5.000                9999
simuID    0         80.000         10.000                9999
simuID    0         80.000         15.000                9999
simuID    0         80.000         20.000                9999
simuID    0         80.000         25.000                9999
simuID    0         80.000         30.000                9999
simuID    0         80.000         35.000                9999
simuID    0         80.000         40.000                9999
simuID    0         80.000         45.000                9999
simuID    0         80.000         50.000                9999
simuID    0         80.000         55.000                9999
simuID    0         80.000         60.000                9999
simuID    0         80.000         65.000                9999
simuID    0         80.000         70.000                9999
simuID    0         80.000         75.000                9999
simuID    0         80.000         80.000                9999
simuID    0         80.000         85.000                9999
simuID    0         80.000         90.000                9999
simuID    0         85.000          0.000                9999
simuID    0         85.000          5.000                9999
simuID    0         85.000         10.000                9999
simuID    0         85.000         15.000                9999
simuID    0         85.000         20.000                9999
simuID    0         85.000         25.000                9999
simuID    0         85.000         30.000                9999
simuID    0         85.000         35.000                9999
simuID    0         85.000         40.000                9999
simuID    0         85.000         45.000                9999
simuID    0         85.000         50.000                9999
simuID    0         85.000         55.000                9999
simuID    0         85.000         60.000                9999
simuID    0         85.000         65.000                9999
simuID    0         85.000         70.000                9999
simuID    0         85.000         75.000                9999
simuID    0         85.000         80.000                9999
simuID    0         85.000         85.000                9999
simuID    0         85.000         90.000                9999
simuID    0         90.000          0.000                9999
simuID    0         90.000          5.000                9999
simuID    0         90.000         10.000                9999
simuID    0         90.000         15.000                9999
simuID    0         90.000         20.000                9999
simuID    0         90.000         25.000                9999
simuID    0         90.000         30.000                9999
simuID    0         90.000         35.000                9999
simuID    0         90.000         40.000                9999
simuID    0         90.000         45.000                9999
simuID    0         90.000         50.000                9999
simuID    0         90.000         55.000                9999
simuID    0         90.000         60.000                9999
simuID    0         90.000         65.000                9999
simuID    0         90.000         70.000                9999
simuID    0         90.000         75.000                9999
simuID    0         90.000         80.000                9999
simuID    0         90.000         85.000                9999
simuID    0         90.000         90.000                9999
simuID    0         95.000          0.000                9999
simuID    0         95.000          5.000                9999
simuID    0         95.000         10.000                9999
simuID    0         95.000         15.000                9999
simuID    0         95.000         20.000                9999
simuID    0         95.000         25.000                9999
simuID    0         95.000         30.000                9999
simuID    0         95.000         35.000                9999
simuID    0         95.000         40.000                9999
simuID    0         95.000         45.000                9999
simuID    0         95.000         50.000                9999
simuID    0         95.000         55.000                9999
simuID    0         95.000         60.000                9999
simuID    0         95.000         65.000                9999
simuID    0         95.000         70.000                9999
simuID    0         95.000         75.000                9999
simuID    0         95.000         80.000                9999
simuID    0         95.000         85.000                9999
simuID    0         95.000         90.000                9999
simuID    0        100.000          0.000                9999
simuID    0        100.000          5.000                9999
simuID    0        100.000         10.000                9999
simuID    0        100.000         15.000                9999
simuID    0        100.000         20.000                9999
simuID    0        100.000         25.000                9999
simuID    0        100.000         30.000                9999
simuID    0        100.000         35.000                9999
simuID    0        100.000         40.000                9999
simuID    0        100.000         45.000                9999
simuID    0        100.000         50.000                9999
simuID    0        100.000         55.000                9999
simuID    0        100.000         60.000                9999
simuID    0        100.000         65.000                9999
simuID    0        100.000         70.000                9999
simuID    0        100.000         75.000                9999
simuID    0        100.000         80.000                9999
simuID    0        100.000         85.000                9999
simuID    0        100.000         90.000                9999
simuID    0        105.000          0.000                9999
simuID    0        105.000          5.000                9999
simuID    0        105.000         10.000                9999
simuID    0        105.000         15.000                9999
simuID    0        105.000         20.000                9999
simuID    0        105.000         25.000                9999
simuID    0        105.000         30.000                9999
simuID    0        105.000         35.000                9999
simuID    0        105.000         40.000                9999
simuID    0        105.000         45.000                9999
simuID    0        105.000         50.000                9999
simuID    0        105.000         55.000                9999
simuID    0        105.000         60.000                9999
simuID    0        105.000         65.000                9999
simuID    0        105.000         70.000                9999
simuID    0        105.000         75.000                9999
simuID    0        105.000         80.000                9999
simuID    0        105.000         85.000                9999
simuID    0        105.000         90.000                9999
simuID    0        110.000          0.000                9999
simuID    0        110.000          5.000                9999
simuID    0        110.000         10.000                9999
simuID    0        110.000         15.000                9999
simuID    0        110.000         20.000                9999
simuID    0        110.000         25.000                9999
simuID    0        110.000         30.000                9999
simuID    0        110.000         35.000                9999
simuID    0        110.000         40.000                9999
simuID    0        110.000         45.000                9999
simuID    0        110.000         50.000                9999
simuID    0        110.000         55.000                9999
simuID    0        110.000         60.000                9999
simuID    0        110.000         65.000                9999
simuID    0        110.000         70.000                9999
simuID    0        110.000         75.000                9999
simuID    0        110.000         80.000                9999
simuID    0        110.000         85.000                9999
simuID    0        110.000         90.000                9999
simuID    0        115.000          0.000                9999
simuID    0        115.000          5.000                9999
simuID    0        115.000         10.000                9999
simuID    0        115.000         15.000                9999
simuID    0        115.000         20.000                9999
simuID    0        115.000         25.000                9999
simuID    0        115.000         30.000                9999
simuID    0        115.000         35.000                9999
simuID    0        115.000         40.000                9999
simuID    0        115.000         45.000                9999
simuID    0        115.000         50.000                9999
simuID    0        115.000         55.000                9999
simuID    0        115.000         60.000                9999
simuID    0        115.000         65.000                9999
simuID    0        115.000         70.000                9999
simuID    0        115.000         75.000                9999
simuID    0        115.000         80.000                9999
simuID    0        115.000         85.000                9999
simuID    0        115.000         90.000                9999
simuID    0        120.000          0.000                9999
simuID    0        120.000          5.000                9999
simuID    0        120.000         10.000                9999
simuID    0        120.000         15.000                9999
simuID    0        120.000         20.000                9999
simuID    0        120.000         25.000                9999
simuID    0        120.000         30.000                9999
simuID    0        120.000         35.000                9999
simuID    0        120.000         40.000                9999
simuID    0        120.000         45.000                9999
simuID    0        120.000         50.000                9999
simuID    0        120.000         55.000                9999
simuID    0        120.000         60.000                9999
simuID    0        120.000         65.000                9999
simuID    0        120.000         70.000                9999
simuID    0        120.000         75.000                9999
simuID    0        120.000         80.000                9999
simuID    0        120.000         85.000                9999
simuID    0        120.000         90.000                9999
simuID    0        125.000          0.000                9999
simuID    0        125.000          5.000                9999
simuID    0        125.000         10.000                9999
simuID    0        125.000         15.000                9999
simuID    0        125.000         20.000                9999
simuID    0        125.000         25.000                9999
simuID    0        125.000         30.000                9999
simuID    0        125.000         35.000                9999
simuID    0        125.000         40.000                9999
simuID    0        125.000         45.000                9999
simuID    0        125.000         50.000                9999
simuID    0        125.000         55.000                9999
simuID    0        125.000         60.000                9999
simuID    0        125.000         65.000                9999
simuID    0        125.000         70.000                9999
simuID    0        125.000         75.000                9999
simuID    0        125.000         80.000                9999
simuID    0        125.000         85.000                9999
simuID    0        125.000         90.000                9999
simuID    0        130.000          0.000                9999
simuID    0        130.000          5.000                9999
simuID    0        130.000         10.000                9999
simuID    0        130.000         15.000                9999
simuID    0        130.000         20.000                9999
simuID    0        130.000         25.000                9999
simuID    0        130.000         30.000                9999
simuID    0        130.000         35.000                9999
simuID    0        130.000         40.000                9999
simuID    0        130.000         45.000                9999
simuID    0        130.000         50.000                9999
simuID    0        130.000         55.000                9999
simuID    0        130.000         60.000                9999
simuID    0        130.000         65.000                9999
simuID    0        130.000         70.000                9999
simuID    0        130.000         75.000                9999
simuID    0        130.000         80.000                9999
simuID    0        130.000         85.000                9999
simuID    0        130.000         90.000                9999
simuID    0        135.000          0.000                9999
simuID    0        135.000          5.000                9999
simuID    0        135.000         10.000                9999
simuID    0        135.000         15.000                9999
simuID    0        135.000         20.000                9999
simuID    0        135.000         25.000                9999
simuID    0        135.000         30.000                9999
simuID    0        135.000         35.000                9999
simuID    0        135.000         40.000                9999
simuID    0        135.000         45.000                9999
simuID    0        135.000         50.000                9999
simuID    0        135.000         55.000                9999
simuID    0        135.000         60.000                9999
simuID    0        135.000         65.000                9999
simuID    0        135.000         70.000                9999
simuID    0        135.000         75.000                9999
simuID    0        135.000         80.000                9999
simuID    0        135.000         85.000                9999
simuID    0        135.000         90.000                9999
simuID    0        140.000          0.000                9999
simuID    0        140.000          5.000                9999
simuID    0        140.000         10.000                9999
simuID    0        140.000         15.000                9999
simuID    0        140.000         20.000                9999
simuID    0        140.000         25.000                9999
simuID    0        140.000         30.000                9999
simuID    0        140.000         35.000                9999
simuID    0        140.000         40.000                9999
simuID    0        140.000         45.000                9999
simuID    0        140.000         50.000                9999
simuID    0        140.000         55.000                9999
simuID    0        140.000         60.000                9999
simuID    0        140.000         65.000                9999
simuID    0        140.000         70.000                9999
simuID    0        140.000         75.000                9999
simuID    0        140.000         80.000                9999
simuID    0        140.000         85.000                9999
simuID    0        140.000         90.000                9999
simuID    0        145.000          0.000                9999
simuID    0        145.000          5.000                9999
simuID    0        145.000         10.000                9999
simuID    0        145.000         15.000                9999
simuID    0        145.000         20.000                9999
simuID    0        145.000         25.000                9999
simuID    0        145.000         30.000                9999
simuID    0        145.000         35.000                9999
simuID    0        145.000         40.000                9999
simuID    0        145.000         45.000                9999
simuID    0        145.000         50.000                9999
simuID    0        145.000         55.000                9999
simuID    0        145.000         60.000                9999
simuID    0        145.000         65.000                9999
simuID    0        145.000         70.000                9999
simuID    0        145.000         75.000                9999
simuID    0        145.000         80.000                9999
simuID    0        145.000         85.000                9999
simuID    0        145.000         90.000                9999
simuID    0        150.000          0.000                9999
simuID    0        150.000          5.000                9999
simuID    0        150.000         10.000                9999
simuID    0        150.000         15.000                9999
simuID    0        150.000         20.000                9999
simuID    0        150.000         25.000                9999
simuID    0        150.000         30.000                9999
simuID    0        150.000         35.000                9999
simuID    0        150.000         40.000                9999
simuID    0        150.000         45.000                9999
simuID    0        150.000         50.000                9999
simuID    0        150.000         55.000                9999
simuID    0        150.000         60.000                9999
simuID    0        150.000         65.000                9999
simuID    0        150.000         70.000                9999
simuID    0        150.000         75.000                9999
simuID    0        150.000         80.000                9999
simuID    0        150.000         85.000                9999
simuID    0        150.000         90.000                9999
simuID    0        155.000          0.000                9999
simuID    0        155.000          5.000                9999
simuID    0        155.000         10.000                9999
simuID    0        155.000         15.000                9999
simuID    0        155.000         20.000                9999
simuID    0        155.000         25.000                9999
simuID    0        155.000         30.000                9999
simuID    0        155.000         35.000                9999
simuID    0        155.000         40.000                9999
simuID    0        155.000         45.000                9999
simuID    0        155.000         50.000                9999
simuID    0        155.000         55.000                9999
simuID    0        155.000         60.000                9999
simuID    0        155.000         65.000                9999
simuID    0        155.000         70.000                9999
simuID    0        155.000         75.000                9999
simuID    0        155.000         80.000                9999
simuID    0        155.000         85.000                9999
simuID    0        155.000         90.000                9999
simuID    0        160.000          0.000                9999
simuID    0        160.000          5.000                9999
simuID    0        160.000         10.000                9999
simuID    0        160.000         15.000                9999
simuID    0        160.000         20.000                9999
simuID    0        160.000         25.000                9999
simuID    0        160.000         30.000                9999
simuID    0        160.000         35.000                9999
simuID    0        160.000         40.000                9999
simuID    0        160.000         45.000                9999
simuID    0        160.000         50.000                9999
simuID    0        160.000         55.000                9999
simuID    0        160.000         60.000                9999
simuID    0        160.000         65.000                9999
simuID    0        160.000         70.000                9999
simuID    0        160.000         75.000                9999
simuID    0        160.000         80.000                9999
simuID    0        160.000         85.000                9999
simuID    0        160.000         90.000                9999
simuID    0        165.000          0.000                9999
simuID    0        165.000          5.000                9999
simuID    0        165.000         10.000                9999
simuID    0        165.000         15.000                9999
simuID    0        165.000         20.000                9999
simuID    0        165.000         25.000                9999
simuID    0        165.000         30.000                9999
simuID    0        165.000         35.000                9999
simuID    0        165.000         40.000                9999
simuID    0        165.000         45.000                9999
simuID    0        165.000         50.000                9999
simuID    0        165.000         55.000                9999
simuID    0        165.000         60.000                9999
simuID    0        165.000         65.000                9999
simuID    0        165.000         70.000                9999
simuID    0        165.000         75.000                9999
simuID    0        165.000         80.000                9999
simuID    0        165.000         85.000                9999
simuID    0        165.000         90.000                9999
simuID    0        170.000          0.000                9999
simuID    0        170.000          5.000                9999
simuID    0        170.000         10.000                9999
simuID    0        170.000         15.000                9999
simuID    0        170.000         20.000                9999
simuID    0        170.000         25.000                9999
simuID    0        170.000         30.000                9999
simuID    0        170.000         35.000                9999
simuID    0        170.000         40.000                9999
simuID    0        170.000         45.000                9999
simuID    0        170.000         50.000                9999
simuID    0        170.000         55.000                9999
simuID    0        170.000         60.000                9999
simuID    0        170.000         65.000                9999
simuID    0        170.000         70.000                9999
simuID    0        170.000         75.000                9999
simuID    0        170.000         80.000                9999
simuID    0        170.000         85.000                9999
simuID    0        170.000         90.000                9999
simuID    0        175.000          0.000                9999
simuID    0        175.000          5.000                9999
simuID    0        175.000         10.000                9999
simuID    0        175.000         15.000                9999
simuID    0        175.000         20.000                9999
simuID    0        175.000         25.000                9999
simuID    0        175.000         30.000                9999
simuID    0        175.000         35.000                9999
simuID    0        175.000         40.000                9999
simuID    0        175.000         45.000                9999
simuID    0        175.000         50.000                9999
simuID    0        175.000         55.000                9999
simuID    0        175.000         60.000                9999
simuID    0        175.000         65.000                9999
simuID    0        175.000         70.000                9999
simuID    0        175.000         75.000                9999
simuID    0        175.000         80.000                9999
simuID    0        175.000         85.000                9999
simuID    0        175.000         90.000                9999
simuID    0        180.000          0.000                9999
simuID    0        180.000          5.000                9999
simuID    0        180.000         10.000                9999
simuID    0        180.000         15.000                9999
simuID    0        180.000         20.000                9999
simuID    0        180.000         25.000                9999
simuID    0        180.000         30.000                9999
simuID    0        180.000         35.000                9999
simuID    0        180.000         40.000                9999
simuID    0        180.000         45.000                9999
simuID    0        180.000         50.000                9999
simuID    0        180.000         55.000                9999
simuID    0        180.000         60.000                9999
simuID    0        180.000         65.000                9999
simuID    0        180.000         70.000                9999
simuID    0        180.000         75.000                9999
simuID    0        180.000         80.000                9999
simuID    0        180.000         85.000                9999
simuID    0        180.000         90.000                9999
simuID    0        185.000          0.000                9999
simuID    0        185.000          5.000                9999
simuID    0        185.000         10.000                9999
simuID    0        185.000         15.000                9999
simuID    0        185.000         20.000                9999
simuID    0        185.000         25.000                9999
simuID    0        185.000         30.000                9999
simuID    0        185.000         35.000                9999
simuID    0        185.000         40.000                9999
simuID    0        185.000         45.000                9999
simuID    0        185.000         50.000                9999
simuID    0        185.000         55.000                9999
simuID    0        185.000         60.000                9999
simuID    0        185.000         65.000                9999
simuID    0        185.000         70.000                9999
simuID    0        185.000         75.000                9999
simuID    0        185.000         80.000                9999
simuID    0        185.000         85.000                9999
simuID    0        185.000         90.000                9999
simuID    0        190.000          0.000                9999
simuID    0        190.000          5.000                9999
simuID    0        190.000         10.000                9999
simuID    0        190.000         15.000                9999
simuID    0        190.000         20.000                9999
simuID    0        190.000         25.000                9999
simuID    0        190.000         30.000                9999
simuID    0        190.000         35.000                9999
simuID    0        190.000         40.000                9999
simuID    0        190.000         45.000                9999
simuID    0        190.000         50.000                9999
simuID    0        190.000         55.000                9999
simuID    0        190.000         60.000                9999
simuID    0        190.000         65.000                9999
simuID    0        190.000         70.000                9999
simuID    0        190.000         75.000                9999
simuID    0        190.000         80.000                9999
simuID    0        190.000         85.000                9999
simuID    0        190.000         90.000                9999
simuID    0        195.000          0.000                9999
simuID    0        195.000          5.000                9999
simuID    0        195.000         10.000                9999
simuID    0        195.000         15.000                9999
simuID    0        195.000         20.000                9999
simuID    0        195.000         25.000                9999
simuID    0        195.000         30.000                9999
simuID    0        195.000         35.000                9999
simuID    0        195.000         40.000                9999
simuID    0        195.000         45.000                9999
simuID    0        195.000         50.000                9999
simuID    0        195.000         55.000                9999
simuID    0        195.000         60.000                9999
simuID    0        195.000         65.000                9999
simuID    0        195.000         70.000                9999
simuID    0        195.000         75.000                9999
simuID    0        195.000         80.000                9999
simuID    0        195.000         85.000                9999
simuID    0        195.000         90.000                9999
simuID    0        200.000          0.000                9999
simuID    0        200.000          5.000                9999
simuID    0        200.000         10.000                9999
simuID    0        200.000         15.000                9999
simuID    0        200.000         20.000                9999
simuID    0        200.000         25.000                9999
simuID    0        200.000         30.000                9999
simuID    0        200.000         35.000                9999
simuID    0        200.000         40.000                9999
simuID    0        200.000         45.000                9999
simuID    0        200.000         50.000                9999
simuID    0        200.000         55.000                9999
simuID    0        200.000         60.000                9999
simuID    0        200.000         65.000                9999
simuID    0        200.000         70.000                9999
simuID    0        200.000         75.000                9999
simuID    0        200.000         80.000                9999
simuID    0        200.000         85.000                9999
simuID    0        200.000         90.000                9999
simuID    0        205.000          0.000                9999
simuID    0        205.000          5.000                9999
simuID    0        205.000         10.000                9999
simuID    0        205.000         15.000                9999
simuID    0        205.000         20.000                9999
simuID    0        205.000         25.000                9999
simuID    0        205.000         30.000                9999
simuID    0        205.000         35.000                9999
simuID    0        205.000         40.000                9999
simuID    0        205.000         45.000                9999
simuID    0        205.000         50.000                9999
simuID    0        205.000         55.000                9999
simuID    0        205.000         60.000                9999
simuID    0        205.000         65.000                9999
simuID    0        205.000         70.000                9999
simuID    0        205.000         75.000                9999
simuID    0        205.000         80.000                9999
simuID    0        205.000         85.000                9999
simuID    0        205.000         90.000                9999
simuID    0        210.000          0.000                9999
simuID    0        210.000          5.000                9999
simuID    0        210.000         10.000                9999
simuID    0        210.000         15.000                9999
simuID    0        210.000         20.000                9999
simuID    0        210.000         25.000                9999
simuID    0        210.000         30.000                9999
simuID    0        210.000         35.000                9999
simuID    0        210.000         40.000                9999
simuID    0        210.000         45.000                9999
simuID    0        210.000         50.000                9999
simuID    0        210.000         55.000                9999
simuID    0        210.000         60.000                9999
simuID    0        210.000         65.000                9999
simuID    0        210.000         70.000                9999
simuID    0        210.000         75.000                9999
simuID    0        210.000         80.000                9999
simuID    0        210.000         85.000                9999
simuID    0        210.000         90.000                9999
simuID    0        215.000          0.000                9999
simuID    0        215.000          5.000                9999
simuID    0        215.000         10.000                9999
simuID    0        215.000         15.000                9999
simuID    0        215.000         20.000                9999
simuID    0        215.000         25.000                9999
simuID    0        215.000         30.000                9999
simuID    0        215.000         35.000                9999
simuID    0        215.000         40.000                9999
simuID    0        215.000         45.000                9999
simuID    0        215.000         50.000                9999
simuID    0        215.000         55.000                9999
simuID    0        215.000         60.000                9999
simuID    0        215.000         65.000                9999
simuID    0        215.000         70.000                9999
simuID    0        215.000         75.000                9999
simuID    0        215.000         80.000                9999
simuID    0        215.000         85.000                9999
simuID    0        215.000         90.000                9999
simuID    0        220.000          0.000                9999
simuID    0        220.000          5.000                9999
simuID    0        220.000         10.000                9999
simuID    0        220.000         15.000                9999
simuID    0        220.000         20.000                9999
simuID    0        220.000         25.000                9999
simuID    0        220.000         30.000                9999
simuID    0        220.000         35.000                9999
simuID    0        220.000         40.000                9999
simuID    0        220.000         45.000                9999
simuID    0        220.000         50.000                9999
simuID    0        220.000         55.000                9999
simuID    0        220.000         60.000                9999
simuID    0        220.000         65.000                9999
simuID    0        220.000         70.000                9999
simuID    0        220.000         75.000                9999
simuID    0        220.000         80.000                9999
simuID    0        220.000         85.000                9999
simuID    0        220.000         90.000                9999
simuID    0        225.000          0.000                9999
simuID    0        225.000          5.000                9999
simuID    0        225.000         10.000                9999
simuID    0        225.000         15.000                9999
simuID    0        225.000         20.000                9999
simuID    0        225.000         25.000                9999
simuID    0        225.000         30.000                9999
simuID    0        225.000         35.000                9999
simuID    0        225.000         40.000                9999
simuID    0        225.000         45.000                9999
simuID    0        225.000         50.000                9999
simuID    0        225.000         55.000                9999
simuID    0        225.000         60.000                9999
simuID    0        225.000         65.000                9999
simuID    0        225.000         70.000                9999
simuID    0        225.000         75.000                9999
simuID    0        225.000         80.000                9999
simuID    0        225.000         85.000                9999
simuID    0        225.000         90.000                9999
simuID    0        230.000          0.000                9999
simuID    0        230.000          5.000                9999
simuID    0        230.000         10.000                9999
simuID    0        230.000         15.000                9999
simuID    0        230.000         20.000                9999
simuID    0        230.000         25.000                9999
simuID    0        230.000         30.000                9999
simuID    0        230.000         35.000                9999
simuID    0        230.000         40.000                9999
simuID    0        230.000         45.000                9999
simuID    0        230.000         50.000                9999
simuID    0        230.000         55.000                9999
simuID    0        230.000         60.000                9999
simuID    0        230.000         65.000                9999
simuID    0        230.000         70.000                9999
simuID    0        230.000         75.000                9999
simuID    0        230.000         80.000                9999
simuID    0        230.000         85.000                9999
simuID    0        230.000         90.000                9999
simuID    0        235.000          0.000                9999
simuID    0        235.000          5.000                9999
simuID    0        235.000         10.000                9999
simuID    0        235.000         15.000                9999
simuID    0        235.000         20.000                9999
simuID    0        235.000         25.000                9999
simuID    0        235.000         30.000                9999
simuID    0        235.000         35.000                9999
simuID    0        235.000         40.000                9999
simuID    0        235.000         45.000                9999
simuID    0        235.000         50.000                9999
simuID    0        235.000         55.000                9999
simuID    0        235.000         60.000                9999
simuID    0        235.000         65.000                9999
simuID    0        235.000         70.000                9999
simuID    0        235.000         75.000                9999
simuID    0        235.000         80.000                9999
simuID    0        235.000         85.000                9999
simuID    0        235.000         90.000                9999
simuID    0        240.000          0.000                9999
simuID    0        240.000          5.000                9999
simuID    0        240.000         10.000                9999
simuID    0        240.000         15.000                9999
simuID    0        240.000         20.000                9999
simuID    0        240.000         25.000                9999
simuID    0        240.000         30.000                9999
simuID    0        240.000         35.000                9999
simuID    0        240.000         40.000                9999
simuID    0        240.000         45.000                9999
simuID    0        240.000         50.000                9999
simuID    0        240.000         55.000                9999
simuID    0        240.000         60.000                9999
simuID    0        240.000         65.000                9999
simuID    0        240.000         70.000                9999
simuID    0        240.000         75.000                9999
simuID    0        240.000         80.000                9999
simuID    0        240.000         85.000                9999
simuID    0        240.000         90.000                9999
simuID    0        245.000          0.000                9999
simuID    0        245.000          5.000                9999
simuID    0        245.000         10.000                9999
simuID    0        245.000         15.000                9999
simuID    0        245.000         20.000                9999
simuID    0        245.000         25.000                9999
simuID    0        245.000         30.000                9999
simuID    0        245.000         35.000                9999
simuID    0        245.000         40.000                9999
simuID    0        245.000         45.000                9999
simuID    0        245.000         50.000                9999
simuID    0        245.000         55.000                9999
simuID    0        245.000         60.000                9999
simuID    0        245.000         65.000                9999
simuID    0        245.000         70.000                9999
simuID    0        245.000         75.000                9999
simuID    0        245.000         80.000                9999
simuID    0        245.000         85.000                9999
simuID    0        245.000         90.000                9999
simuID    0        250.000          0.000                9999
simuID    0        250.000          5.000                9999
simuID    0        250.000         10.000                9999
simuID    0        250.000         15.000                9999
simuID    0        250.000         20.000                9999
simuID    0        250.000         25.000                9999
simuID    0        250.000         30.000                9999
simuID    0        250.000         35.000                9999
simuID    0        250.000         40.000                9999
simuID    0        250.000         45.000                9999
simuID    0        250.000         50.000                9999
simuID    0        250.000         55.000                9999
simuID    0        250.000         60.000                9999
simuID    0        250.000         65.000                9999
simuID    0        250.000         70.000                9999
simuID    0        250.000         75.000                9999
simuID    0        250.000         80.000                9999
simuID    0        250.000         85.000                9999
simuID    0        250.000         90.000                9999
simuID    0        255.000          0.000                9999
simuID    0        255.000          5.000                9999
simuID    0        255.000         10.000                9999
simuID    0        255.000         15.000                9999
simuID    0        255.000         20.000                9999
simuID    0        255.000         25.000                9999
simuID    0        255.000         30.000                9999
simuID    0        255.000         35.000                9999
simuID    0        255.000         40.000                9999
simuID    0        255.000         45.000                9999
simuID    0        255.000         50.000                9999
simuID    0        255.000         55.000                9999
simuID    0        255.000         60.000                9999
simuID    0        255.000         65.000                9999
simuID    0        255.000         70.000                9999
simuID    0        255.000         75.000                9999
simuID    0        255.000         80.000                9999
simuID    0        255.000         85.000                9999
simuID    0        255.000         90.000                9999
simuID    0        260.000          0.000                9999
simuID    0        260.000          5.000                9999
simuID    0        260.000         10.000                9999
simuID    0        260.000         15.000                9999
simuID    0        260.000         20.000                9999
simuID    0        260.000         25.000                9999
simuID    0        260.000         30.000                9999
simuID    0        260.000         35.000                9999
simuID    0        260.000         40.000                9999
simuID    0        260.000         45.000                9999
simuID    0        260.000         50.000                9999
simuID    0        260.000         55.000                9999
simuID    0        260.000         60.000                9999
simuID    0        260.000         65.000                9999
simuID    0        260.000         70.000                9999
simuID    0        260.000         75.000                9999
simuID    0        260.000         80.000                9999
simuID    0        260.000         85.000                9999
simuID    0        260.000         90.000                9999
simuID    0        265.000          0.000                9999
simuID    0        265.000          5.000                9999
simuID    0        265.000         10.000                9999
simuID    0        265.000         15.000                9999
simuID    0        265.000         20.000                9999
simuID    0        265.000         25.000                9999
simuID    0        265.000         30.000                9999
simuID    0        265.000         35.000                9999
simuID    0        265.000         40.000                9999
simuID    0        265.000         45.000                9999
simuID    0        265.000         50.000                9999
simuID    0        265.000         55.000                9999
simuID    0        265.000         60.000                9999
simuID    0        265.000         65.000                9999
simuID    0        265.000         70.000                9999
simuID    0        265.000         75.000                9999
simuID    0        265.000         80.000                9999
simuID    0        265.000         85.000                9999
simuID    0        265.000         90.000                9999
simuID    0        270.000          0.000                9999
simuID    0        270.000          5.000                9999
simuID    0        270.000         10.000                9999
simuID    0        270.000         15.000                9999
simuID    0        270.000         20.000                9999
simuID    0        270.000         25.000                9999
simuID    0        270.000         30.000                9999
simuID    0        270.000         35.000                9999
simuID    0        270.000         40.000                9999
simuID    0        270.000         45.000                9999
simuID    0        270.000         50.000                9999
simuID    0        270.000         55.000                9999
simuID    0        270.000         60.000                9999
simuID    0        270.000         65.000                9999
simuID    0        270.000         70.000                9999
simuID    0        270.000         75.000                9999
simuID    0        270.000         80.000                9999
simuID    0        270.000         85.000                9999
simuID    0        270.000         90.000                9999
simuID    0        275.000          0.000                9999
simuID    0        275.000          5.000                9999
simuID    0        275.000         10.000                9999
simuID    0        275.000         15.000                9999
simuID    0        275.000         20.000                9999
simuID    0        275.000         25.000                9999
simuID    0        275.000         30.000                9999
simuID    0        275.000         35.000                9999
simuID    0        275.000         40.000                9999
simuID    0        275.000         45.000                9999
simuID    0        275.000         50.000                9999
simuID    0        275.000         55.000                9999
simuID    0        275.000         60.000                9999
simuID    0        275.000         65.000                9999
simuID    0        275.000         70.000                9999
simuID    0        275.000         75.000                9999
simuID    0        275.000         80.000                9999
simuID    0        275.000         85.000                9999
simuID    0        275.000         90.000                9999
simuID    0        280.000          0.000                9999
simuID    0        280.000          5.000                9999
simuID    0        280.000         10.000                9999
simuID    0        280.000         15.000                9999
simuID    0        280.000         20.000                9999
simuID    0        280.000         25.000                9999
simuID    0        280.000         30.000                9999
simuID    0        280.000         35.000                9999
simuID    0        280.000         40.000                9999
simuID    0        280.000         45.000                9999
simuID    0        280.000         50.000                9999
simuID    0        280.000         55.000                9999
simuID    0        280.000         60.000                9999
simuID    0        280.000         65.000                9999
simuID    0        280.000         70.000                9999
simuID    0        280.000         75.000                9999
simuID    0        280.000         80.000                9999
simuID    0        280.000         85.000                9999
simuID    0        280.000         90.000                9999
simuID    0        285.000          0.000                9999
simuID    0        285.000          5.000                9999
simuID    0        285.000         10.000                9999
simuID    0        285.000         15.000                9999
simuID    0        285.000         20.000                9999
simuID    0        285.000         25.000                9999
simuID    0        285.000         30.000                9999
simuID    0        285.000         35.000                9999
simuID    0        285.000         40.000                9999
simuID    0        285.000         45.000                9999
simuID    0        285.000         50.000                9999
simuID    0        285.000         55.000                9999
simuID    0        285.000         60.000                9999
simuID    0        285.000         65.000                9999
simuID    0        285.000         70.000                9999
simuID    0        285.000         75.000                9999
simuID    0        285.000         80.000                9999
simuID    0        285.000         85.000                9999
simuID    0        285.000         90.000                9999
simuID    0        290.000          0.000                9999
simuID    0        290.000          5.000                9999
simuID    0        290.000         10.000                9999
simuID    0        290.000         15.000                9999
simuID    0        290.000         20.000                9999
simuID    0        290.000         25.000                9999
simuID    0        290.000         30.000                9999
simuID    0        290.000         35.000                9999
simuID    0        290.000         40.000                9999
simuID    0        290.000         45.000                9999
simuID    0        290.000         50.000                9999
simuID    0        290.000         55.000                9999
simuID    0        290.000         60.000                9999
simuID    0        290.000         65.000                9999
simuID    0        290.000         70.000                9999
simuID    0        290.000         75.000                9999
simuID    0        290.000         80.000                9999
simuID    0        290.000         85.000                9999
simuID    0        290.000         90.000                9999
simuID    0        295.000          0.000                9999
simuID    0        295.000          5.000                9999
simuID    0        295.000         10.000                9999
simuID    0        295.000         15.000                9999
simuID    0        295.000         20.000                9999
simuID    0        295.000         25.000                9999
simuID    0        295.000         30.000                9999
simuID    0        295.000         35.000                9999
simuID    0        295.000         40.000                9999
simuID    0        295.000         45.000                9999
simuID    0        295.000         50.000                9999
simuID    0        295.000         55.000                9999
simuID    0        295.000         60.000                9999
simuID    0        295.000         65.000                9999
simuID    0        295.000         70.000                9999
simuID    0        295.000         75.000                9999
simuID    0        295.000         80.000                9999
simuID    0        295.000         85.000                9999
simuID    0        295.000         90.000                9999
simuID    0        300.000          0.000                9999
simuID    0        300.000          5.000                9999
simuID    0        300.000         10.000                9999
simuID    0        300.000         15.000                9999
simuID    0        300.000         20.000                9999
simuID    0        300.000         25.000                9999
simuID    0        300.000         30.000                9999
simuID    0        300.000         35.000                9999
simuID    0        300.000         40.000                9999
simuID    0        300.000         45.000                9999
simuID    0        300.000         50.000                9999
simuID    0        300.000         55.000                9999
simuID    0        300.000         60.000                9999
simuID    0        300.000         65.000                9999
simuID    0        300.000         70.000                9999
simuID    0        300.000         75.000                9999
simuID    0        300.000         80.000                9999
simuID    0        300.000         85.000                9999
simuID    0        300.000         90.000                9999
simuID    0        305.000          0.000                9999
simuID    0        305.000          5.000                9999
simuID    0        305.000         10.000                9999
simuID    0        305.000         15.000                9999
simuID    0        305.000         20.000                9999
simuID    0        305.000         25.000                9999
simuID    0        305.000         30.000                9999
simuID    0        305.000         35.000                9999
simuID    0        305.000         40.000                9999
simuID    0        305.000         45.000                9999
simuID    0        305.000         50.000                9999
simuID    0        305.000         55.000                9999
simuID    0        305.000         60.000                9999
simuID    0        305.000         65.000                9999
simuID    0        305.000         70.000                9999
simuID    0        305.000         75.000                9999
simuID    0        305.000         80.000                9999
simuID    0        305.000         85.000                9999
simuID    0        305.000         90.000                9999
simuID    0        310.000          0.000                9999
simuID    0        310.000          5.000                9999
simuID    0        310.000         10.000                9999
simuID    0        310.000         15.000                9999
simuID    0        310.000         20.000                9999
simuID    0        310.000         25.000                9999
simuID    0        310.000         30.000                9999
simuID    0        310.000         35.000                9999
simuID    0        310.000         40.000                9999
simuID    0        310.000         45.000                9999
simuID    0        310.000         50.000                9999
simuID    0        310.000         55.000                9999
simuID    0        310.000         60.000                9999
simuID    0        310.000         65.000                9999
simuID    0        310.000         70.000                9999
simuID    0        310.000         75.000                9999
simuID    0        310.000         80.000                9999
simuID    0        310.000         85.000                9999
simuID    0        310.000         90.000                9999
simuID    0        315.000          0.000                9999
simuID    0        315.000          5.000                9999
simuID    0        315.000         10.000                9999
simuID    0        315.000         15.000                9999
simuID    0        315.000         20.000                9999
simuID    0        315.000         25.000                9999
simuID    0        315.000         30.000                9999
simuID    0        315.000         35.000                9999
simuID    0        315.000         40.000                9999
simuID    0        315.000         45.000                9999
simuID    0        315.000         50.000                9999
simuID    0        315.000         55.000                9999
simuID    0        315.000         60.000                9999
simuID    0        315.000         65.000                9999
simuID    0        315.000         70.000                9999
simuID    0        315.000         75.000                9999
simuID    0        315.000         80.000                9999
simuID    0        315.000         85.000                9999
simuID    0        315.000         90.000                9999
simuID    0        320.000          0.000                9999
simuID    0        320.000          5.000                9999
simuID    0        320.000         10.000                9999
simuID    0        320.000         15.000                9999
simuID    0        320.000         20.000                9999
simuID    0        320.000         25.000                9999
simuID    0        320.000         30.000                9999
simuID    0        320.000         35.000                9999
simuID    0        320.000         40.000                9999
simuID    0        320.000         45.000                9999
simuID    0        320.000         50.000                9999
simuID    0        320.000         55.000                9999
simuID    0        320.000         60.000                9999
simuID    0        320.000         65.000                9999
simuID    0        320.000         70.000                9999
simuID    0        320.000         75.000                9999
simuID    0        320.000         80.000                9999
simuID    0        320.000         85.000                9999
simuID    0        320.000         90.000                9999
simuID    0        325.000          0.000                9999
simuID    0        325.000          5.000                9999
simuID    0        325.000         10.000                9999
simuID    0        325.000         15.000                9999
simuID    0        325.000         20.000                9999
simuID    0        325.000         25.000                9999
simuID    0        325.000         30.000                9999
simuID    0        325.000         35.000                9999
simuID    0        325.000         40.000                9999
simuID    0        325.000         45.000                9999
simuID    0        325.000         50.000                9999
simuID    0        325.000         55.000                9999
simuID    0        325.000         60.000                9999
simuID    0        325.000         65.000                9999
simuID    0        325.000         70.000                9999
simuID    0        325.000         75.000                9999
simuID    0        325.000         80.000                9999
simuID    0        325.000         85.000                9999
simuID    0        325.000         90.000                9999
simuID    0        330.000          0.000                9999
simuID    0        330.000          5.000                9999
simuID    0        330.000         10.000                9999
simuID    0        330.000         15.000                9999
simuID    0        330.000         20.000                9999
simuID    0        330.000         25.000                9999
simuID    0        330.000         30.000                9999
simuID    0        330.000         35.000                9999
simuID    0        330.000         40.000                9999
simuID    0        330.000         45.000                9999
simuID    0        330.000         50.000                9999
simuID    0        330.000         55.000                9999
simuID    0        330.000         60.000                9999
simuID    0        330.000         65.000                9999
simuID    0        330.000         70.000                9999
simuID    0        330.000         75.000                9999
simuID    0        330.000         80.000                9999
simuID    0        330.000         85.000                9999
simuID    0        330.000         90.000                9999
simuID    0        335.000          0.000                9999
simuID    0        335.000          5.000                9999
simuID    0        335.000         10.000                9999
simuID    0        335.000         15.000                9999
simuID    0        335.000         20.000                9999
simuID    0        335.000         25.000                9999
simuID    0        335.000         30.000                9999
simuID    0        335.000         35.000                9999
simuID    0        335.000         40.000                9999
simuID    0        335.000         45.000                9999
simuID    0        335.000         50.000                9999
simuID    0        335.000         55.000                9999
simuID    0        335.000         60.000                9999
simuID    0        335.000         65.000                9999
simuID    0        335.000         70.000                9999
simuID    0        335.000         75.000                9999
simuID    0        335.000         80.000                9999
simuID    0        335.000         85.000                9999
simuID    0        335.000         90.000                9999
simuID    0        340.000          0.000                9999
simuID    0        340.000          5.000                9999
simuID    0        340.000         10.000                9999
simuID    0        340.000         15.000                9999
simuID    0        340.000         20.000                9999
simuID    0        340.000         25.000                9999
simuID    0        340.000         30.000                9999
simuID    0        340.000         35.000                9999
simuID    0        340.000         40.000                9999
simuID    0        340.000         45.000                9999
simuID    0        340.000         50.000                9999
simuID    0        340.000         55.000                9999
simuID    0        340.000         60.000                9999
simuID    0        340.000         65.000                9999
simuID    0        340.000         70.000                9999
simuID    0        340.000         75.000                9999
simuID    0        340.000         80.000                9999
simuID    0        340.000         85.000                9999
simuID    0        340.000         90.000                9999
simuID    0        345.000          0.000                9999
simuID    0        345.000          5.000                9999
simuID    0        345.000         10.000                9999
simuID    0        345.000         15.000                9999
simuID    0        345.000         20.000                9999
simuID    0        345.000         25.000                9999
simuID    0        345.000         30.000                9999
simuID    0        345.000         35.000                9999
simuID    0        345.000         40.000                9999
simuID    0        345.000         45.000                9999
simuID    0        345.000         50.000                9999
simuID    0        345.000         55.000                9999
simuID    0        345.000         60.000                9999
simuID    0        345.000         65.000                9999
simuID    0        345.000         70.000                9999
simuID    0        345.000         75.000                9999
simuID    0        345.000         80.000                9999
simuID    0        345.000         85.000                9999
simuID    0        345.000         90.000                9999
simuID    0        350.000          0.000                9999
simuID    0        350.000          5.000                9999
simuID    0        350.000         10.000                9999
simuID    0        350.000         15.000                9999
simuID    0        350.000         20.000                9999
simuID    0        350.000         25.000                9999
simuID    0        350.000         30.000                9999
simuID    0        350.000         35.000                9999
simuID    0        350.000         40.000                9999
simuID    0        350.000         45.000                9999
simuID    0        350.000         50.000                9999
simuID    0        350.000         55.000                9999
simuID    0        350.000         60.000                9999
simuID    0        350.000         65.000                9999
simuID    0        350.000         70.000                9999
simuID    0        350.000         75.000                9999
simuID    0        350.000         80.000                9999
simuID    0        350.000         85.000                9999
simuID    0        350.000         90.000                9999
simuID    0        355.000          0.000                9999
simuID    0        355.000          5.000                9999
simuID    0        355.000         10.000                9999
simuID    0        355.000         15.000                9999
simuID    0        355.000         20.000                9999
simuID    0        355.000         25.000                9999
simuID    0        355.000         30.000                9999
simuID    0        355.000         35.000                9999
simuID    0        355.000         40.000                9999
simuID    0        355.000         45.000                9999
simuID    0        355.000         50.000                9999
simuID    0        355.000         55.000                9999
simuID    0        355.000         60.000                9999
simuID    0        355.000         65.000                9999
simuID    0        355.000         70.000                9999
simuID    0        355.000         75.000                9999
simuID    0        355.000         80.000                9999
simuID    0        355.000         85.000                9999
simuID    0        355.000         90.000                9999
simuID    0        360.000          0.000                9999
simuID    0        360.000          5.000                9999
simuID    0        360.000         10.000                9999
simuID    0        360.000         15.000                9999
simuID    0        360.000         20.000                9999
simuID    0        360.000         25.000                9999
simuID    0        360.000         30.000                9999
simuID    0        360.000         35.000                9999
simuID    0        360.000         40.000                9999
simuID    0        360.000         45.000                9999
simuID    0        360.000         50.000                9999
simuID    0        360.000         55.000                9999
simuID    0        360.000         60.000                9999
simuID    0        360.000         65.000                9999
simuID    0        360.000         70.000                9999
simuID    0        360.000         75.000                9999
simuID    0        360.000         80.000                9999
simuID    0        360.000         85.000                9999
simuID    0        360.000         90.000                9999
